Bone Name: pubis
Bone Index: 0
Bone Matrix:
-6.08269e-07 0.991787 -0.127898 1.29635 
5.22541e-07 0.127898 0.991787 -26.1939 
1 5.22541e-07 -6.08269e-07 -0.0140612 
-0 0 -0 1 



Bone Name: pelvis
Bone Index: 1
Bone Matrix:
0.000166066 0.989266 0.146129 -6.98403 
0.00112362 -0.146129 0.989265 -29.5377 
0.999999 -8.44011e-08 -0.00113581 0.0202726 
-0 0 -0 1 



Bone Name: spine
Bone Index: 2
Bone Matrix:
-2.98023e-08 1 -7.98702e-06 -1.4267 
-2.38032e-13 7.98702e-06 1 -38.1331 
1 -2.38032e-13 -2.98023e-08 -0.0230379 
-0 0 -0 1 



Bone Name: neck
Bone Index: 3
Bone Matrix:
1.52511e-06 0.752659 0.658411 -35.0618 
2.49708e-07 -0.658411 0.752659 -37.9132 
1 -9.84194e-07 -1.13813e-06 -0.0229788 
-0 0 -0 1 



Bone Name: upperarm.L
Bone Index: 4
Bone Matrix:
-0.0270168 0.999635 3.8211e-08 -4.66436 
-0.999635 -0.0270168 2.82817e-06 -7.87674 
2.82817e-06 3.8211e-08 1 -48.5973 
-0 0 -0 1 



Bone Name: forearm.L
Bone Index: 5
Bone Matrix:
-0.113838 0.993499 1.61253e-07 -6.45426 
-0.993499 -0.113838 2.82383e-06 -20.3033 
2.82383e-06 1.61253e-07 1 -48.5973 
-0 0 -0 1 



Bone Name: wrist.L
Bone Index: 6
Bone Matrix:
0.0091086 0.999959 0.000249025 -2.51602 
-0.999585 0.00911201 -0.0273447 -30.7062 
-0.0273458 1.50583e-07 0.999626 -49.4653 
-0 -0 -0 1 



Bone Name: thumb.L
Bone Index: 7
Bone Matrix:
-0.583585 0.772722 -0.249659 -8.76962 
-0.710442 -0.634745 -0.303928 -6.18521 
-0.393321 6.10948e-07 0.919401 -57.2779 
-0 0 -0 1 



Bone Name: thm_end.L
Bone Index: 8
Bone Matrix:
-0.278771 0.952924 -0.119261 -4.38256 
-0.876121 -0.30321 -0.374802 -12.6808 
-0.393319 3.06964e-06 0.919402 -57.2779 
-0 0 -0 1 



Bone Name: fingers.L
Bone Index: 9
Bone Matrix:
-0.0224126 0.999719 0.00775489 -4.05701 
-0.97217 -0.0199843 -0.233421 -24.9608 
-0.233201 -0.0127706 0.972345 -55.7996 
0 0 -0 1 



Bone Name: fingerstip.L
Bone Index: 10
Bone Matrix:
-5.96046e-07 1 8.90066e-13 -2.79574 
-1 -5.96046e-07 2.82843e-06 -39.7404 
2.82843e-06 8.90066e-13 1 -47.8922 
-0 0 -0 1 



Bone Name: upperarm.R
Bone Index: 11
Bone Matrix:
0.0347619 0.999395 4.31575e-06 -4.83922 
0.999395 -0.0347616 4.16825e-06 -7.76622 
4.31575e-06 4.16825e-06 -1 48.5972 
-0 0 -0 1 



Bone Name: forearm.R
Bone Index: 12
Bone Matrix:
0.117462 0.993077 2.98993e-06 -6.57481 
0.993077 -0.117461 2.65712e-06 -20.6717 
2.98993e-06 2.65712e-06 -1 48.5972 
-0 0 -0 1 



Bone Name: wrist.R
Bone Index: 13
Bone Matrix:
7.43213e-07 1 2.9263e-05 -2.83945 
0.998655 7.43213e-07 -0.0518428 -29.6577 
-0.0518428 2.9263e-05 -0.998655 50.1814 
-0 0 -0 1 



Bone Name: thumb.R
Bone Index: 14
Bone Matrix:
0.589119 0.75966 -0.27542 -7.66631 
0.688169 -0.650321 -0.321725 -4.59135 
-0.423512 -1.2666e-06 -0.90589 57.6648 
-0 0 -0 1 



Bone Name: thm_end.R
Bone Index: 15
Bone Matrix:
0.222623 0.969333 -0.104081 -2.95898 
0.878113 -0.245752 -0.410516 -11.3022 
-0.423505 -5.07385e-06 -0.905894 57.6647 
-0 0 -0 1 



Bone Name: fingers.R
Bone Index: 16
Bone Matrix:
3.08118e-06 1 2.27557e-06 -2.83823 
0.990644 -2.6402e-06 -0.136468 -30.4307 
-0.136468 2.67263e-06 -0.990644 52.9573 
-0 0 -0 1 



Bone Name: fingerstip.R
Bone Index: 17
Bone Matrix:
5.96038e-07 0.999999 2.82842e-06 -2.83816 
0.999999 5.96038e-07 2.82842e-06 -39.8436 
2.82842e-06 2.82842e-06 -0.999999 47.9686 
-0 0 -0 1 



Bone Name: thigh.R
Bone Index: 18
Bone Matrix:
-2.04609e-07 -0.996038 0.0889318 -1.38263 
1.95651e-06 -0.0889318 -0.996038 30.2234 
1 -7.05003e-08 1.89131e-06 -5.25534 
-0 0 -0 1 



Bone Name: shin.R
Bone Index: 19
Bone Matrix:
1.7424e-06 -0.995118 -0.0986889 1.84505 
1.56421e-06 0.098689 -0.995118 17.1055 
1 1.56421e-06 1.7424e-06 -5.25534 
-0 0 -0 1 



Bone Name: ankle.R
Bone Index: 20
Bone Matrix:
1.42084e-06 -0.540286 0.841482 -1.7786 
4.86062e-06 -0.841482 -0.540286 3.01897 
1 4.86062e-06 1.42084e-06 -5.25534 
-0 0 -0 1 



Bone Name: toe.R
Bone Index: 21
Bone Matrix:
-2.27718e-06 -0.0529236 0.998599 -1.01166 
2.23546e-05 -0.998599 -0.0529236 -1.81746 
1 2.22043e-05 3.44493e-06 -5.25529 
-0 0 -0 1 



Bone Name: tiptoe.R
Bone Index: 22
Bone Matrix:
5.96046e-07 -0 0.999999 -0.732868 
0 -0.999999 -0 -5.28884 
0.999999 -0 5.96046e-07 -5.25533 
-0 0 -0 1 



Bone Name: thigh.L
Bone Index: 23
Bone Matrix:
-2.04609e-07 -0.996038 0.0889318 -1.38263 
1.95651e-06 -0.0889318 -0.996038 30.2234 
1 -7.05003e-08 1.89131e-06 5.20915 
-0 0 -0 1 



Bone Name: shin.L
Bone Index: 24
Bone Matrix:
-4.22296e-07 -0.995118 -0.0986947 1.84516 
1.47941e-06 0.0986947 -0.995118 17.1055 
1 -6.21576e-07 1.43578e-06 5.20916 
-0 0 -0 1 



Bone Name: ankle.L
Bone Index: 25
Bone Matrix:
1.29212e-06 -0.540303 0.841471 -1.77844 
4.65997e-06 -0.841471 -0.540303 3.01912 
1 4.65997e-06 1.29212e-06 5.19662 
-0 0 -0 1 



Bone Name: toe.L
Bone Index: 26
Bone Matrix:
-3.23485e-06 -0.0529226 0.998599 -1.01158 
-1.26093e-05 -0.998599 -0.0529226 -1.81726 
1 -1.27646e-05 2.54668e-06 5.19661 
-0 0 -0 1 



Bone Name: tiptoe.L
Bone Index: 27
Bone Matrix:
5.96046e-07 -0 0.999999 -0.732648 
0 -0.999999 0 -5.28868 
0.999999 0 5.96046e-07 5.19663 
-0 0 -0 1 



Bone Name: head
Bone Index: 28
Bone Matrix:
2.06359e-05 0.0213433 0.999772 -55.2902 
4.9892e-05 -0.999772 0.0213433 -3.00881 
1 4.94404e-05 -2.16834e-05 -0.0217566 
-0 0 -0 1 



Bone Name: lamp
Bone Index: 29
Bone Matrix:
0 -1 -0 -6.18238 
-4.05312e-06 0 -1 46.334 
1 0 -4.05312e-06 39.7496 
-0 0 -0 1 



Bone Name: sheath
Bone Index: 30
Bone Matrix:
0.0795234 -0.828111 -0.554894 14.0853 
0.117479 0.560563 -0.819736 26.4758 
0.989886 -8.19564e-08 0.141863 -15.3909 
-0 0 -0 1 



Bone Name: sword
Bone Index: 31
Bone Matrix:
0.0815421 -0.826226 -0.557406 14.1817 
0.119589 0.563338 -0.817526 37.4178 
0.989469 3.1814e-06 0.144743 -15.6051 
-0 0 -0 1 



